20
-1    21    10    52    14    82    28    24    33    94    59    4    17    73    53    85    31    100    74    74    
12    -1    72    38    34    14    22    53    0    30    95    3    52    79    41    36    81    25    24    67    
48    95    -1    44    7    96    77    90    48    92    45    78    93    95    38    71    4    83    79    64    
89    0    76    -1    81    34    66    1    13    58    4    40    5    24    17    6    65    13    13    76    
3    20    8    36    -1    12    60    37    42    53    87    10    65    42    25    47    41    33    71    69    
94    24    12    92    11    -1    71    3    82    91    90    20    95    44    76    60    34    95    49    40    
89    4    45    27    9    34    -1    82    59    2    20    68    22    29    10    1    23    19    47    16    
76    47    49    90    94    10    18    -1    55    69    14    26    59    77    73    8    21    72    1    74    
76    51    94    44    24    98    71    77    -1    59    9    12    49    38    72    22    55    35    61    16    
48    41    21    67    74    92    4    7    85    -1    34    92    39    96    42    26    1    1    4    64    
33    96    62    23    67    76    26    47    32    73    -1    82    30    14    61    21    92    40    4    2    
38    76    64    8    14    3    49    71    31    38    86    -1    98    17    15    98    32    55    69    46    
61    3    44    67    50    44    76    0    45    23    25    11    -1    82    99    11    39    50    40    21    
52    17    60    44    90    44    6    16    38    3    41    43    56    -1    26    24    0    9    90    36    
50    13    42    88    87    66    32    28    73    94    52    11    35    47    -1    9    87    37    57    15    
56    38    95    6    43    23    30    84    39    88    69    5    34    81    93    -1    86    2    77    10    
28    30    97    68    14    12    88    1    100    35    73    30    2    43    11    41    -1    58    82    6    
84    71    16    18    67    41    100    92    78    57    7    35    69    56    76    13    93    -1    26    26    
38    21    96    7    88    2    60    17    54    95    26    2    0    21    87    11    96    36    -1    83    
88    31    24    24    62    14    88    84    39    22    17    84    96    1    78    91    53    9    35    -1    
